10001100
00000001
00000000
00000000
10001100
00000010
00000000
00000100
00001000
00000000
00000000
00000101
00000000
00100010
00011000
00100001
00000000
00100010
00011000
00100001
00000000
00100010
00011000
00100001
00000000
00100010
00011000
00100001
10101100
00000011
00000000
00000100
00010000
00100001
00000000
00000001
00000000
01000011
00100000
00100101
00000000
01000011
00101000
00100100
00000000
01000011
00110000
00100111
00000000
01000011
00011000
00100011
00000000
10000101
00111000
00100101
00100101
00001001
11111111
11111111
00010000
00100010
11111111
11111111
00010000
01000010
00000000
00000011
00000000
00100010
00011000
00100001
00000000
00100010
00011000
00100001
00000000
00100010
00011000
00100001
11111111
11111111
11111111
11111111
